# X Y
0 0.8002
1 0.42
2 0.6754
3 0.5496
4 0.6562
5 0.108
6 0.4994
7 0.5016
8 0.5522
9 0.716
10 0.4834
11 0.1336
12 0.0882
13 0.044
14 0.0274
15 0.6456
16 0.8642
17 0.892
18 0.5314
19 0.2376
20 0.4802
21 0.06
22 0.3954
23 0.1096
24 0.5362
25 0.348
26 0.0194
27 0.4616
28 0.6322
29 0.556
30 0.8034
31 0.4936
32 0.3682
33 0.484
34 0.1474
35 0.4056
36 0.3442
37 0.932
38 0.4514
39 0.3976
40 0.1602
41 0.7
42 0.1154
43 0.6696
44 0.4162
45 0.588
46 0.5394
47 0.4216
48 0.7122
49 0.396
50 0.1234
51 0.8536
52 0.6482
53 0.924
54 0.2674
55 0.1656
56 0.8242
57 0.972
58 0.3714
59 0.5576
60 0.8402
61 0.34
62 0.8354
63 0.2296
64 0.2962
65 0.828
66 0.0594
67 0.3816
68 0.7922
69 0.236
70 0.4434
71 0.2136
72 0.9282
73 0.364
74 0.3874
75 0.9256
76 0.3042
77 0.012
78 0.2914
79 0.7176
80 0.5202
81 0.98
82 0.5554
83 0.7896
84 0.1762
85 0.068
86 0.5794
87 0.3416
88 0.8722
89 0.076
90 0.7634
91 0.5736
92 0.2082
93 0.804
94 0.5074
95 0.6856
96 0.7842
97 0.052
98 0.2114
99 0.8776
100 0.2002
101 0.62
102 0.2754
103 0.3496
104 0.0562
105 0.308
106 0.0994
107 0.3016
108 0.9522
109 0.916
110 0.0834
111 0.9336
112 0.4882
113 0.244
114 0.6274
115 0.4456
116 0.2642
117 0.092
118 0.1314
119 0.0376
120 0.8802
121 0.26
122 0.9954
123 0.9096
124 0.9362
125 0.548
126 0.6194
127 0.2616
128 0.0322
129 0.756
130 0.4034
131 0.2936
132 0.7682
133 0.684
134 0.7474
135 0.2056
136 0.7442
137 0.132
138 0.0514
139 0.1976
140 0.5602
141 0.9
142 0.7154
143 0.4696
144 0.8162
145 0.788
146 0.1394
147 0.2216
148 0.1122
149 0.596
150 0.7234
151 0.6536
152 0.0482
153 0.124
154 0.8674
155 0.9656
156 0.2242
157 0.172
158 0.9714
159 0.3576
160 0.2402
161 0.54
162 0.4354
163 0.0296
164 0.6962
165 0.028
166 0.6594
167 0.1816
168 0.1922
169 0.436
170 0.0434
171 0.0136
172 0.3282
173 0.564
174 0.9874
175 0.7256
176 0.7042
177 0.212
178 0.8914
179 0.5176
180 0.9202
181 0.18
182 0.1554
183 0.5896
184 0.5762
185 0.268
186 0.1794
187 0.1416
188 0.2722
189 0.276
190 0.3634
191 0.3736
192 0.6082
193 0.004
194 0.1074
195 0.4856
196 0.1842
197 0.252
198 0.8114
199 0.6776
200 0.6002
201 0.82
202 0.8754
203 0.1496
204 0.4562
205 0.508
206 0.6994
207 0.1016
208 0.3522
209 0.116
210 0.6834
211 0.7336
212 0.8882
213 0.444
214 0.2274
215 0.2456
216 0.6642
217 0.292
218 0.7314
219 0.8376
220 0.2802
221 0.46
222 0.5954
223 0.7096
224 0.3362
225 0.748
226 0.2194
227 0.0616
228 0.4322
229 0.956
230 0.0034
231 0.0936
232 0.1682
233 0.884
234 0.3474
235 0.0056
236 0.1442
237 0.332
238 0.6514
239 0.9976
240 0.9602
241 0.1
242 0.3154
243 0.2696
244 0.2162
245 0.988
246 0.7394
247 0.0216
248 0.5122
249 0.796
250 0.3234
251 0.4536
252 0.4482
253 0.324
254 0.4674
255 0.7656
256 0.6242
257 0.372
258 0.5714
259 0.1576
260 0.6402
261 0.74
262 0.0354
263 0.8296
264 0.0962
265 0.228
266 0.2594
267 0.9816
268 0.5922
269 0.636
270 0.6434
271 0.8136
272 0.7282
273 0.764
274 0.5874
275 0.5256
276 0.1042
277 0.412
278 0.4914
279 0.3176
280 0.3202
281 0.38
282 0.7554
283 0.3896
284 0.9762
285 0.468
286 0.7794
287 0.9416
288 0.6722
289 0.476
290 0.9634
291 0.1736
292 0.0082
293 0.204
294 0.7074
295 0.2856
296 0.5842
297 0.452
298 0.4114
299 0.4776
300 0.0002
301 0.02
302 0.4754
303 0.9496
304 0.8562
305 0.708
306 0.2994
307 0.9016
308 0.7522
309 0.316
310 0.2834
311 0.5336
312 0.2882
313 0.644
314 0.8274
315 0.0456
316 0.0642
317 0.492
318 0.3314
319 0.6376
320 0.6802
321 0.66
322 0.1954
323 0.5096
324 0.7362
325 0.948
326 0.8194
327 0.8616
328 0.8322
329 0.156
330 0.6034
331 0.8936
332 0.5682
333 0.084
334 0.9474
335 0.8056
336 0.5442
337 0.532
338 0.2514
339 0.7976
340 0.3602
341 0.3
342 0.9154
343 0.0696
344 0.6162
345 0.188
346 0.3394
347 0.8216
348 0.9122
349 0.996
350 0.9234
351 0.2536
352 0.8482
353 0.524
354 0.0674
355 0.5656
356 0.0242
357 0.572
358 0.1714
359 0.9576
360 0.0402
361 0.94
362 0.6354
363 0.6296
364 0.4962
365 0.428
366 0.8594
367 0.7816
368 0.9922
369 0.836
370 0.2434
371 0.6136
372 0.1282
373 0.964
374 0.1874
375 0.3256
376 0.5042
377 0.612
378 0.0914
379 0.1176
380 0.7202
381 0.58
382 0.3554
383 0.1896
384 0.3762
385 0.668
386 0.3794
387 0.7416
388 0.0722
389 0.676
390 0.5634
391 0.9736
392 0.4082
393 0.404
394 0.3074
395 0.0856
396 0.9842
397 0.652
398 0.0114
399 0.2776
400 0.4002
401 0.22
402 0.0754
403 0.7496
404 0.2562
405 0.908
406 0.8994
407 0.7016
408 0.1522
409 0.516
410 0.8834
411 0.3336
412 0.6882
413 0.844
414 0.4274
415 0.8456
416 0.4642
417 0.692
418 0.9314
419 0.4376
420 0.0802
421 0.86
422 0.7954
423 0.3096
424 0.1362
425 0.148
426 0.4194
427 0.6616
428 0.2322
429 0.356
430 0.2034
431 0.6936
432 0.9682
433 0.284
434 0.5474
435 0.6056
436 0.9442
437 0.732
438 0.8514
439 0.5976
440 0.7602
441 0.5
442 0.5154
443 0.8696
444 0.0162
445 0.388
446 0.9394
447 0.6216
448 0.3122
449 0.196
450 0.5234
451 0.0536
452 0.2482
453 0.724
454 0.6674
455 0.3656
456 0.4242
457 0.772
458 0.7714
459 0.7576
460 0.4402
461 0.14
462 0.2354
463 0.4296
464 0.8962
465 0.628
466 0.4594
467 0.5816
468 0.3922
469 0.036
470 0.8434
471 0.4136
472 0.5282
473 0.164
474 0.7874
475 0.1256
476 0.9042
477 0.812
478 0.6914
479 0.9176
480 0.1202
481 0.78
482 0.9554
483 0.9896
484 0.7762
485 0.868
486 0.9794
487 0.5416
488 0.4722
489 0.876
490 0.1634
491 0.7736
492 0.8082
493 0.604
494 0.9074
495 0.8856
496 0.3842
497 0.852
498 0.6114
499 0.0776
500 0.8002
501 0.42
502 0.6754
503 0.5496
504 0.6562
505 0.108
506 0.4994
507 0.5016
508 0.5522
509 0.716
510 0.4834
511 0.1336
512 0.0882
513 0.044
514 0.0274
515 0.6456
516 0.8642
517 0.892
518 0.5314
519 0.2376
520 0.4802
521 0.06
522 0.3954
523 0.1096
524 0.5362
525 0.348
526 0.0194
527 0.4616
528 0.6322
529 0.556
530 0.8034
531 0.4936
532 0.3682
533 0.484
534 0.1474
535 0.4056
536 0.3442
537 0.932
538 0.4514
539 0.3976
540 0.1602
541 0.7
542 0.1154
543 0.6696
544 0.4162
545 0.588
546 0.5394
547 0.4216
548 0.7122
549 0.396
550 0.1234
551 0.8536
552 0.6482
553 0.924
554 0.2674
555 0.1656
556 0.8242
557 0.972
558 0.3714
559 0.5576
560 0.8402
561 0.34
562 0.8354
563 0.2296
564 0.2962
565 0.828
566 0.0594
567 0.3816
568 0.7922
569 0.236
570 0.4434
571 0.2136
572 0.9282
573 0.364
574 0.3874
575 0.9256
576 0.3042
577 0.012
578 0.2914
579 0.7176
580 0.5202
581 0.98
582 0.5554
583 0.7896
584 0.1762
585 0.068
586 0.5794
587 0.3416
588 0.8722
589 0.076
590 0.7634
591 0.5736
592 0.2082
593 0.804
594 0.5074
595 0.6856
596 0.7842
597 0.052
598 0.2114
599 0.8776
600 0.2002
601 0.62
602 0.2754
603 0.3496
604 0.0562
605 0.308
606 0.0994
607 0.3016
608 0.9522
609 0.916
610 0.0834
611 0.9336
612 0.4882
613 0.244
614 0.6274
615 0.4456
616 0.2642
617 0.092
618 0.1314
619 0.0376
620 0.8802
621 0.26
622 0.9954
623 0.9096
624 0.9362
625 0.548
626 0.6194
627 0.2616
628 0.0322
629 0.756
630 0.4034
631 0.2936
632 0.7682
633 0.684
634 0.7474
635 0.2056
636 0.7442
637 0.132
638 0.0514
639 0.1976
640 0.5602
641 0.9
642 0.7154
643 0.4696
644 0.8162
645 0.788
646 0.1394
647 0.2216
648 0.1122
649 0.596
650 0.7234
651 0.6536
652 0.0482
653 0.124
654 0.8674
655 0.9656
656 0.2242
657 0.172
658 0.9714
659 0.3576
660 0.2402
661 0.54
662 0.4354
663 0.0296
664 0.6962
665 0.028
666 0.6594
667 0.1816
668 0.1922
669 0.436
670 0.0434
671 0.0136
672 0.3282
673 0.564
674 0.9874
675 0.7256
676 0.7042
677 0.212
678 0.8914
679 0.5176
680 0.9202
681 0.18
682 0.1554
683 0.5896
684 0.5762
685 0.268
686 0.1794
687 0.1416
688 0.2722
689 0.276
690 0.3634
691 0.3736
692 0.6082
693 0.004
694 0.1074
695 0.4856
696 0.1842
697 0.252
698 0.8114
699 0.6776
700 0.6002
701 0.82
702 0.8754
703 0.1496
704 0.4562
705 0.508
706 0.6994
707 0.1016
708 0.3522
709 0.116
710 0.6834
711 0.7336
712 0.8882
713 0.444
714 0.2274
715 0.2456
716 0.6642
717 0.292
718 0.7314
719 0.8376
720 0.2802
721 0.46
722 0.5954
723 0.7096
724 0.3362
725 0.748
726 0.2194
727 0.0616
728 0.4322
729 0.956
730 0.0034
731 0.0936
732 0.1682
733 0.884
734 0.3474
735 0.0056
736 0.1442
737 0.332
738 0.6514
739 0.9976
740 0.9602
741 0.1
742 0.3154
743 0.2696
744 0.2162
745 0.988
746 0.7394
747 0.0216
748 0.5122
749 0.796
750 0.3234
751 0.4536
752 0.4482
753 0.324
754 0.4674
755 0.7656
756 0.6242
757 0.372
758 0.5714
759 0.1576
760 0.6402
761 0.74
762 0.0354
763 0.8296
764 0.0962
765 0.228
766 0.2594
767 0.9816
768 0.5922
769 0.636
770 0.6434
771 0.8136
772 0.7282
773 0.764
774 0.5874
775 0.5256
776 0.1042
777 0.412
778 0.4914
779 0.3176
780 0.3202
781 0.38
782 0.7554
783 0.3896
784 0.9762
785 0.468
786 0.7794
787 0.9416
788 0.6722
789 0.476
790 0.9634
791 0.1736
792 0.0082
793 0.204
794 0.7074
795 0.2856
796 0.5842
797 0.452
798 0.4114
799 0.4776
800 0.0002
801 0.02
802 0.4754
803 0.9496
804 0.8562
805 0.708
806 0.2994
807 0.9016
808 0.7522
809 0.316
810 0.2834
811 0.5336
812 0.2882
813 0.644
814 0.8274
815 0.0456
816 0.0642
817 0.492
818 0.3314
819 0.6376
820 0.6802
821 0.66
822 0.1954
823 0.5096
824 0.7362
825 0.948
826 0.8194
827 0.8616
828 0.8322
829 0.156
830 0.6034
831 0.8936
832 0.5682
833 0.084
834 0.9474
835 0.8056
836 0.5442
837 0.532
838 0.2514
839 0.7976
840 0.3602
841 0.3
842 0.9154
843 0.0696
844 0.6162
845 0.188
846 0.3394
847 0.8216
848 0.9122
849 0.996
850 0.9234
851 0.2536
852 0.8482
853 0.524
854 0.0674
855 0.5656
856 0.0242
857 0.572
858 0.1714
859 0.9576
860 0.0402
861 0.94
862 0.6354
863 0.6296
864 0.4962
865 0.428
866 0.8594
867 0.7816
868 0.9922
869 0.836
870 0.2434
871 0.6136
872 0.1282
873 0.964
874 0.1874
875 0.3256
876 0.5042
877 0.612
878 0.0914
879 0.1176
880 0.7202
881 0.58
882 0.3554
883 0.1896
884 0.3762
885 0.668
886 0.3794
887 0.7416
888 0.0722
889 0.676
890 0.5634
891 0.9736
892 0.4082
893 0.404
894 0.3074
895 0.0856
896 0.9842
897 0.652
898 0.0114
899 0.2776
900 0.4002
901 0.22
902 0.0754
903 0.7496
904 0.2562
905 0.908
906 0.8994
907 0.7016
908 0.1522
909 0.516
910 0.8834
911 0.3336
912 0.6882
913 0.844
914 0.4274
915 0.8456
916 0.4642
917 0.692
918 0.9314
919 0.4376
920 0.0802
921 0.86
922 0.7954
923 0.3096
924 0.1362
925 0.148
926 0.4194
927 0.6616
928 0.2322
929 0.356
930 0.2034
931 0.6936
932 0.9682
933 0.284
934 0.5474
935 0.6056
936 0.9442
937 0.732
938 0.8514
939 0.5976
940 0.7602
941 0.5
942 0.5154
943 0.8696
944 0.0162
945 0.388
946 0.9394
947 0.6216
948 0.3122
949 0.196
950 0.5234
951 0.0536
952 0.2482
953 0.724
954 0.6674
955 0.3656
956 0.4242
957 0.772
958 0.7714
959 0.7576
960 0.4402
961 0.14
962 0.2354
963 0.4296
964 0.8962
965 0.628
966 0.4594
967 0.5816
968 0.3922
969 0.036
970 0.8434
971 0.4136
972 0.5282
973 0.164
974 0.7874
975 0.1256
976 0.9042
977 0.812
978 0.6914
979 0.9176
980 0.1202
981 0.78
982 0.9554
983 0.9896
984 0.7762
985 0.868
986 0.9794
987 0.5416
988 0.4722
989 0.876
990 0.1634
991 0.7736
992 0.8082
993 0.604
994 0.9074
995 0.8856
996 0.3842
997 0.852
998 0.6114
999 0.0776
